((("path" .
   [1 0 0 0])
  ("replace" .
   [0 0 0 1 0 0 0])
  ("log" .
   [2 0 0])
  ("image" .
   [4 0 0 0 0])
  ("if" .
   [3 0])
  ("flash" .
   [1 0 0 0 0])
  ("images" .
   [4 0 0 0 0 0])
  ("self" .
   [1 0 0 0])
  ("request" .
   [0 0 1 0 0 0 0])
  ("__class__" .
   [0 0 0 2 0 0 0 0 0])
  ("POST" .
   [1 0 0 0])
  ("photos" .
   [2 0 0 5 1 0])
  ("__dict__" .
   [0 0 0 0 1 0 0 0])
  ("obj" .
   [1 0 0])
  ("dir" .
   [1 0 0])
  ("filename" .
   [1 0 2 0 0 0 0 0])
  ("Photo" .
   [0 0 0 1 0])
  ("items" .
   [1 0 0 0 0])
  ("photo" .
   [1 0 0 0 0])
  ("inspect" .
   [0 0 0 2 0 0 0])
  ("import" .
   [0 0 0 0 1 0])
  ("pass" .
   [0 0 0 1])
  ("elif" .
   [0 0 1 0])
  ("else" .
   [1 0 0 0])
  ("echo" .
   [3 0 0 0])
  ("$onclickAttrs" .
   [1 0 0 5 0 0 0 0 0 0 0 0 0])
  ("var_dump" .
   [0 0 0 2 0 1 1 0])
  ("$body" .
   [3 0 0 0 0])
  ("removeHistory" .
   [0 0 1 0 0 0 0 0 0 0 0 0 0])
  ("return" .
   [0 0 1 0 1 0])
  ("array" .
   [2 0 0 0 0])
  ("$this" .
   [5 0 0 0 0])
  ("body" .
   [1 0 0 0])
  ("$client" .
   [1 0 1 0 1 1 0])
  ("$parms" .
   [0 0 0 0 2 0])
  ("foreach" .
   [0 0 0 1 0 0 0])
  ("var" .
   [1 0 0])
  ("$pattern" .
   [0 0 0 1 0 1 0 0])
  ("$value" .
   [0 0 0 2 0 0])
  ("$matchs" .
   [0 0 0 3 0 0 0])
  ("$response" .
   [0 0 0 1 0 0 0 0 0])))
